OrderedDict([('features.0.weight', tensor([[[[ 6.2638e-04, -1.6568e-02, -4.4302e-02,  ...,  1.8395e-04,
           -1.3068e-02, -1.7083e-02],
          [ 5.9617e-03,  2.4321e-02,  1.3906e-02,  ...,  3.2831e-03,
            2.3522e-02,  2.1086e-02],
          [ 4.5556e-02,  3.9921e-02,  3.4636e-02,  ...,  4.4288e-02,
           -4.4879e-02,  1.9727e-02],
          ...,
          [ 8.5721e-03,  4.0059e-03, -1.8168e-02,  ..., -1.2597e-03,
           -2.4195e-02,  1.6678e-02],
          [ 4.7572e-02,  4.1990e-02, -1.1318e-02,  ..., -3.6992e-02,
            2.9266e-02,  4.4213e-02],
          [-2.2463e-02,  1.1092e-02, -1.3706e-02,  ..., -6.3147e-03,
           -3.0872e-02,  7.9039e-03]],

         [[-1.2587e-02,  2.3969e-02,  5.8819e-03,  ..., -1.7661e-02,
            2.6591e-02,  2.7896e-02],
          [-4.6504e-02,  2.8995e-02,  1.5594e-02,  ...,  4.3590e-02,
            4.5960e-02,  4.3516e-02],
          [ 1.1746e-02,  3.9627e-02, -3.5297e-02,  ..., -2.2971e-02,
            4.9171e-02,  4.5361e-02],
          ...,
          [ 3.9737e-02,  1.8780e-02,  2.6116e-02,  ..., -5.0004e-02,
            1.6121e-02, -4.2982e-02],
          [-3.7687e-02,  1.5272e-02,  1.1255e-02,  ...,  2.4444e-02,
            4.0863e-02, -4.4042e-03],
          [-2.2434e-02, -3.2733e-02,  1.1056e-02,  ..., -5.0639e-02,
            4.0766e-02, -3.9725e-03]],

         [[-3.4829e-02,  1.2581e-02,  7.7366e-03,  ..., -1.5936e-02,
           -1.9806e-03,  2.2306e-02],
          [ 5.1944e-02,  4.0397e-02,  1.2863e-02,  ...,  4.0621e-02,
           -3.0712e-02,  2.4293e-02],
          [-4.1545e-03,  4.6648e-02,  1.8034e-02,  ..., -2.1537e-02,
           -2.7206e-02,  4.7952e-02],
          ...,
          [-7.4434e-03, -1.6633e-02, -1.3938e-02,  ...,  5.4637e-02,
            3.3618e-03,  1.1739e-02],
          [ 3.5556e-02, -1.9345e-02,  1.0183e-02,  ..., -8.2681e-03,
            5.3187e-02,  3.3113e-02],
          [-3.4481e-02, -1.1939e-02,  2.0464e-02,  ...,  4.4640e-02,
            2.0578e-02,  2.3883e-02]]],


        [[[ 9.5271e-03,  3.7505e-02,  8.5396e-03,  ...,  5.2558e-02,
            4.1285e-02,  4.2232e-03],
          [ 2.1895e-02,  5.2945e-02,  8.6135e-04,  ...,  3.0946e-02,
           -1.3838e-02, -2.1584e-02],
          [ 3.0601e-02,  3.5663e-02,  1.1736e-02,  ...,  2.3960e-03,
            3.5423e-02, -3.6810e-02],
          ...,
          [ 2.5062e-02,  2.0234e-02, -9.0161e-03,  ...,  1.6241e-02,
            5.3322e-02,  2.0040e-02],
          [ 5.5278e-02,  4.9957e-02, -2.7246e-02,  ..., -4.2193e-02,
            1.0305e-04,  7.5009e-03],
          [ 4.4891e-02, -2.4852e-02, -2.7765e-02,  ...,  4.1879e-02,
            2.6267e-02, -3.0236e-02]],

         [[ 2.4641e-02, -4.3968e-02,  2.2177e-02,  ...,  1.9237e-02,
           -2.4523e-02, -5.0684e-02],
          [ 3.2569e-02, -3.9931e-02, -1.1353e-02,  ...,  2.5094e-02,
           -8.6716e-03, -1.5050e-02],
          [-5.9032e-03, -5.5404e-02, -4.5009e-04,  ...,  2.0243e-02,
           -7.2904e-04,  2.0932e-02],
          ...,
          [ 2.8020e-02, -2.8393e-02,  5.0408e-02,  ..., -3.2931e-02,
            1.1846e-02, -3.8717e-02],
          [-3.1231e-02, -2.6890e-03, -4.7511e-02,  ..., -5.1068e-02,
           -1.0251e-02,  2.4152e-02],
          [-2.8594e-02,  1.4114e-02, -1.7906e-02,  ...,  1.1452e-03,
           -4.1903e-02, -5.4793e-02]],

         [[ 3.7978e-02, -2.2467e-02,  1.9707e-02,  ..., -2.6591e-02,
            3.6524e-02, -4.5092e-03],
          [-4.5264e-03, -1.3491e-03, -1.9338e-02,  ...,  3.8911e-02,
           -1.2059e-02,  4.3159e-02],
          [-3.6938e-02,  4.7915e-02,  4.0178e-02,  ...,  1.5148e-02,
            2.9216e-02,  3.1773e-02],
          ...,
          [ 2.0706e-02,  5.3567e-02,  3.6256e-02,  ..., -2.5293e-02,
           -3.2195e-02, -2.7716e-02],
          [-3.1386e-02,  1.6222e-02, -2.8244e-03,  ..., -3.8007e-03,
            5.5138e-02, -3.7444e-02],
          [-3.4931e-02, -2.4974e-02, -1.0166e-02,  ...,  2.6110e-02,
            1.8313e-02, -2.7187e-02]]],


        [[[-3.5698e-02, -4.6078e-02, -4.0566e-02,  ..., -2.3154e-02,
           -4.9911e-02,  4.9385e-02],
          [ 5.0895e-02, -4.5747e-02,  1.5698e-02,  ..., -4.8587e-02,
            1.8778e-02,  4.0865e-02],
          [ 3.7787e-02,  3.5604e-02, -7.6729e-03,  ...,  5.1302e-03,
           -5.1562e-02,  2.3067e-02],
          ...,
          [ 3.6506e-02,  4.9808e-02, -5.5646e-03,  ..., -4.9343e-02,
            4.0181e-02,  3.9328e-02],
          [-2.7835e-02,  4.3899e-02, -3.3638e-02,  ..., -5.2667e-02,
           -3.2905e-02, -4.8797e-02],
          [-3.9241e-02, -5.0387e-02, -8.2473e-03,  ..., -6.4311e-03,
           -4.6182e-02,  3.9433e-02]],

         [[-1.6787e-02,  5.4407e-02,  2.8198e-02,  ...,  3.4361e-02,
            2.7399e-02,  3.0282e-02],
          [ 1.7533e-02,  1.6637e-02, -2.9086e-02,  ...,  3.7009e-02,
           -2.7443e-02,  1.4962e-02],
          [ 3.0591e-02, -2.2199e-02,  2.1493e-03,  ..., -1.4175e-02,
            4.9415e-02,  3.6221e-02],
          ...,
          [ 2.3672e-02, -1.1545e-02, -2.5211e-02,  ..., -1.7110e-02,
            5.8194e-03,  2.9629e-02],
          [ 1.5275e-02,  5.0375e-03, -4.8780e-02,  ..., -5.1094e-02,
            4.8705e-02,  1.3851e-02],
          [ 1.7749e-02, -4.3824e-02,  3.6472e-02,  ...,  1.3527e-02,
            2.0621e-02,  2.7746e-02]],

         [[ 1.8313e-02, -2.9833e-02,  3.5623e-03,  ...,  2.7107e-02,
            5.3135e-03,  4.7629e-02],
          [ 1.5344e-02, -1.7553e-02,  1.7063e-02,  ..., -4.9525e-03,
           -3.4284e-02,  6.8313e-03],
          [ 3.3570e-02,  3.8381e-02,  1.8035e-02,  ..., -1.5078e-02,
           -1.8984e-02, -4.7977e-02],
          ...,
          [ 2.3520e-02,  3.7971e-02, -4.8740e-02,  ..., -2.9705e-02,
            7.3666e-03, -3.2470e-02],
          [-2.8574e-02, -3.9269e-02, -2.7199e-02,  ..., -1.4861e-02,
            5.2824e-03,  2.7509e-02],
          [-3.0059e-02, -1.6657e-02, -2.0016e-02,  ...,  6.2972e-03,
           -3.4640e-02, -3.4561e-02]]],


        ...,


        [[[ 4.4633e-02,  4.0301e-02, -8.1008e-03,  ...,  3.7394e-03,
            4.8335e-02, -1.0502e-02],
          [ 2.1333e-02,  1.9745e-02,  1.5649e-02,  ..., -4.9379e-02,
           -3.0495e-02, -2.0227e-02],
          [ 3.7140e-02, -4.4950e-02,  2.9808e-02,  ..., -2.3697e-02,
            3.9603e-03, -4.9712e-02],
          ...,
          [-2.4606e-02,  9.5417e-03, -3.4352e-02,  ...,  1.8838e-03,
            2.0214e-02, -3.2334e-02],
          [-1.8898e-04, -2.1895e-02, -4.8987e-02,  ..., -1.1682e-02,
            2.7681e-02,  3.7806e-02],
          [ 3.8693e-02, -2.1334e-02, -5.1317e-02,  ..., -2.6239e-02,
            4.6842e-02, -1.9636e-02]],

         [[ 2.9744e-02, -3.8542e-03, -6.3446e-03,  ..., -2.7932e-02,
            2.5730e-02, -4.4895e-02],
          [ 1.9990e-02,  1.2606e-02, -2.3796e-03,  ..., -1.2287e-02,
           -1.3710e-02,  2.8956e-03],
          [ 5.2986e-03,  8.3980e-03, -1.0566e-02,  ..., -1.6842e-02,
           -4.2650e-02,  4.3687e-02],
          ...,
          [-3.8128e-02, -3.2434e-02,  1.6459e-02,  ..., -8.9793e-03,
           -5.3399e-02, -4.2602e-02],
          [-4.8949e-03,  3.3098e-02, -1.1338e-02,  ...,  1.6175e-02,
            7.7629e-03,  2.4549e-03],
          [-3.4152e-02,  2.9770e-02,  1.8449e-02,  ...,  4.6221e-02,
           -3.2514e-02, -1.5763e-02]],

         [[-5.1998e-02, -9.6530e-03,  2.9176e-03,  ..., -1.8038e-02,
           -3.6451e-02,  4.1717e-02],
          [-1.6670e-02, -4.1228e-02, -1.4019e-02,  ...,  7.9470e-03,
            1.8130e-02,  4.0953e-02],
          [ 5.3683e-02,  4.0488e-02, -6.9686e-04,  ...,  1.8353e-02,
            3.3498e-02, -3.5270e-02],
          ...,
          [-3.0257e-02, -7.5342e-03, -1.6481e-02,  ..., -3.3854e-02,
            4.2243e-02, -4.8901e-03],
          [-1.1501e-02,  3.3956e-02, -4.4491e-02,  ...,  2.9566e-02,
           -4.7927e-02, -1.9382e-02],
          [-2.5042e-02, -2.3281e-02, -4.6877e-02,  ...,  1.6735e-02,
            2.7923e-03,  3.8461e-02]]],


        [[[ 8.0328e-03, -3.2687e-02,  3.2246e-02,  ..., -2.3915e-02,
            5.1705e-02,  4.8545e-02],
          [-2.4870e-03, -1.2935e-02, -2.6956e-02,  ...,  4.6174e-02,
           -3.1706e-03,  4.9780e-02],
          [ 3.5521e-02, -3.1020e-02,  3.6775e-02,  ...,  2.4560e-02,
            4.0204e-02,  1.1333e-02],
          ...,
          [-3.1369e-02, -4.6280e-02, -2.9305e-02,  ...,  9.9498e-04,
           -3.2046e-02, -1.0611e-03],
          [ 3.7257e-02,  3.4000e-02, -5.1093e-02,  ...,  4.6658e-02,
            3.9100e-02, -4.0005e-03],
          [ 1.5102e-02,  6.2943e-03, -1.1291e-04,  ...,  1.7679e-02,
            3.4003e-02,  1.9252e-02]],

         [[-4.7045e-03,  1.0723e-02,  4.9129e-02,  ..., -1.5533e-02,
           -4.6560e-02, -5.0924e-02],
          [ 1.1834e-02,  3.3794e-02, -5.9484e-03,  ...,  3.6353e-02,
           -4.3620e-02, -5.1937e-02],
          [ 1.6645e-02,  2.9720e-03, -1.7994e-02,  ..., -1.2936e-02,
           -3.3379e-02,  4.4768e-02],
          ...,
          [-1.5637e-02,  2.2886e-02, -4.6674e-02,  ...,  3.9546e-02,
            2.5046e-02,  2.4685e-02],
          [ 2.7775e-02,  4.1443e-02,  2.7781e-02,  ..., -2.3047e-02,
           -3.6340e-02,  1.4120e-02],
          [-4.4208e-02, -2.6537e-03, -1.2665e-02,  ..., -1.9711e-05,
           -2.2752e-02, -3.2155e-02]],

         [[ 2.7217e-02,  2.5333e-02, -4.2265e-02,  ..., -9.0624e-03,
           -3.0438e-02,  4.1084e-02],
          [ 2.2044e-02, -2.8046e-02, -2.0796e-02,  ..., -3.5186e-02,
            1.0241e-02,  4.0756e-02],
          [ 9.8443e-03,  4.1342e-02, -2.9174e-02,  ...,  4.6224e-02,
            2.7983e-02, -9.8478e-03],
          ...,
          [ 3.8854e-02,  5.0105e-02,  4.3202e-02,  ..., -3.2594e-02,
            3.3832e-02,  1.5533e-02],
          [-4.5614e-02, -1.9101e-02,  1.1182e-02,  ...,  2.4725e-02,
            6.2184e-03,  1.9154e-02],
          [ 5.7757e-03,  1.7643e-02,  3.5728e-02,  ...,  1.3555e-02,
           -2.4687e-02, -1.7108e-02]]],


        [[[-1.9114e-02,  4.3536e-02,  4.7531e-02,  ...,  2.4169e-02,
            2.1338e-02,  1.2516e-02],
          [-9.5435e-03,  4.6744e-02,  4.5120e-02,  ..., -2.0692e-02,
            5.0254e-02, -4.4695e-02],
          [-3.1364e-02,  2.1842e-02,  5.5336e-03,  ...,  1.2733e-02,
            2.2855e-02, -4.4035e-02],
          ...,
          [ 2.1910e-02, -2.3537e-02, -2.3519e-02,  ...,  4.7843e-02,
            3.2014e-02, -3.8705e-02],
          [ 3.9852e-02,  1.3413e-02, -3.4960e-02,  ...,  2.4230e-02,
            8.1458e-03, -5.1696e-02],
          [ 4.0707e-02, -4.5151e-02, -5.1169e-02,  ..., -3.3728e-03,
           -4.4017e-03,  5.2803e-03]],

         [[ 1.2569e-02,  3.0339e-02,  3.5046e-02,  ..., -3.8124e-02,
            3.8294e-02,  1.0503e-02],
          [-5.4589e-02, -3.5941e-02,  4.4592e-02,  ..., -1.1650e-02,
            1.4787e-02,  3.8656e-02],
          [-4.0796e-02, -1.6699e-02, -5.2774e-02,  ...,  5.1028e-02,
            2.3037e-02,  4.2454e-02],
          ...,
          [ 2.7817e-02,  4.4998e-02, -4.8511e-02,  ..., -1.2415e-02,
           -1.9072e-02, -4.4364e-02],
          [-4.0284e-02, -1.4261e-02, -1.9506e-02,  ..., -4.9829e-02,
            1.5968e-02,  4.1865e-02],
          [ 4.7717e-02, -9.6661e-03, -1.0034e-02,  ...,  1.3340e-02,
            9.5407e-04, -5.8808e-03]],

         [[ 3.0921e-03,  3.0812e-02,  2.0606e-02,  ..., -2.7988e-02,
           -1.4027e-02, -2.6790e-02],
          [ 3.7091e-02, -2.9656e-03,  2.9539e-02,  ..., -1.5442e-02,
            3.6091e-02, -8.6361e-03],
          [-5.9606e-04, -5.8819e-03,  4.0211e-03,  ..., -2.8825e-02,
            2.0249e-02,  3.2207e-02],
          ...,
          [-4.8170e-02, -2.4775e-02,  3.0226e-02,  ...,  3.8791e-02,
           -3.9471e-02, -4.4885e-02],
          [-2.9355e-02,  1.0111e-02, -1.9139e-02,  ..., -4.6732e-02,
           -2.9494e-02,  4.4154e-02],
          [-1.0922e-02, -4.4389e-02,  2.4906e-02,  ...,  1.6123e-02,
            4.3831e-02,  3.3602e-02]]]], device='cuda:0')), ('features.0.bias', tensor([-4.6628e-02,  5.0192e-02,  2.1893e-02, -3.8248e-02,  2.3413e-02,
         3.8710e-02,  3.0118e-02,  1.3945e-02, -6.4511e-03, -2.5775e-02,
        -1.4999e-02, -1.8746e-02, -3.2380e-02,  3.4112e-02,  4.4932e-03,
         3.5440e-02,  4.2623e-03, -2.1394e-03,  6.4649e-03, -3.3225e-02,
        -1.3449e-02, -7.2851e-03, -5.3896e-02, -1.6129e-03, -4.8666e-02,
        -2.0477e-02, -8.2364e-03,  5.7079e-03, -4.1739e-02, -3.2645e-02,
        -2.4611e-02,  2.2975e-02, -2.7946e-02,  2.3404e-02, -3.4396e-02,
        -3.5976e-05, -5.3194e-02, -5.6605e-02, -2.1745e-02,  4.3796e-02,
         2.7797e-02,  2.5147e-02, -4.9610e-02,  1.5895e-02, -5.5364e-02,
        -6.7545e-03,  1.4576e-02, -3.7502e-02, -1.5569e-02,  6.5932e-03,
        -5.1411e-02,  3.1781e-02,  1.5879e-02, -1.9785e-02, -2.4313e-02,
         6.2803e-03, -5.0084e-02,  1.6848e-02,  2.9664e-02,  3.5154e-03,
        -4.9195e-02,  4.3035e-03,  1.1910e-02,  3.1304e-02,  3.2098e-02,
        -2.7442e-02,  2.0316e-02, -2.3628e-02, -2.6348e-02,  3.1698e-02,
         1.6740e-02, -4.5831e-02, -4.1406e-02,  3.7891e-02,  9.5965e-03,
         1.5523e-02,  4.2209e-02, -9.5249e-04, -5.0841e-03,  6.4221e-03,
        -5.2058e-02, -5.0647e-02,  1.8237e-02, -5.0751e-02, -3.2125e-02,
        -4.5875e-02,  2.1835e-02,  2.8673e-02,  2.9093e-03, -2.0487e-02,
        -3.1503e-02,  4.4564e-02,  2.6271e-02, -2.3687e-02, -5.3832e-02,
        -4.9074e-02], device='cuda:0')), ('features.3.weight', tensor([[[[ 1.5650e-03,  7.1411e-03,  3.1595e-03, -7.1955e-03,  4.7230e-03],
          [-1.7754e-02, -1.0708e-02, -2.2987e-02,  8.8353e-03, -1.4401e-03],
          [-1.8232e-03,  8.7341e-03,  8.2848e-03, -2.0445e-02,  8.1444e-03],
          [ 1.2775e-02, -2.0264e-02, -6.9351e-03,  2.4490e-03, -4.8869e-03],
          [ 1.7466e-02,  1.8509e-02,  1.4062e-02, -2.0032e-02,  1.6533e-02]],

         [[-5.9319e-03,  1.0833e-02, -6.8507e-03,  1.0466e-02, -7.3829e-03],
          [-2.1784e-02, -1.5057e-02,  9.9712e-03,  1.2290e-02,  1.6950e-02],
          [-8.0307e-03, -1.9063e-02,  1.5778e-03,  1.5642e-02,  1.7253e-03],
          [-4.7558e-03, -7.4238e-03,  1.6529e-02,  6.9968e-03, -2.1489e-02],
          [-1.1092e-02,  2.1017e-04,  1.6921e-03, -1.6061e-02, -2.1668e-02]],

         [[ 1.0416e-02, -7.5091e-03,  7.9696e-03,  6.5619e-03, -3.2231e-03],
          [-2.4037e-02, -1.4377e-02,  1.5503e-02, -1.9730e-02, -2.0146e-02],
          [ 1.4013e-02,  1.2129e-02,  7.3321e-03, -7.5340e-05, -1.9152e-02],
          [-2.0048e-02,  4.4088e-03,  1.5966e-02,  1.5385e-02,  3.6800e-03],
          [-9.0874e-03, -1.2820e-02,  4.5775e-03, -5.3197e-03, -1.8449e-02]],

         ...,

         [[-1.0426e-02,  1.5053e-02, -6.6206e-03, -1.4966e-02, -1.4849e-02],
          [-1.9061e-02,  1.1966e-02, -1.6533e-02,  9.3585e-04,  6.0324e-03],
          [-1.4484e-02, -1.5335e-02, -1.7964e-02, -5.0868e-03, -1.7199e-02],
          [ 2.7188e-03, -1.9049e-03,  8.0843e-03, -1.8379e-02, -8.5237e-03],
          [-2.9185e-03,  1.3345e-02, -1.3749e-02, -3.4473e-03,  9.8002e-03]],

         [[ 4.5793e-03,  1.5804e-02, -1.0094e-02,  1.5026e-02, -2.0799e-02],
          [ 2.0253e-02,  1.6343e-02,  1.1370e-02, -4.5794e-03,  2.3161e-03],
          [-1.0741e-02,  6.5454e-03,  2.8597e-03, -2.3667e-02, -2.0437e-04],
          [-8.1626e-03, -6.1069e-03, -1.7805e-02, -1.3654e-02, -1.7581e-02],
          [ 2.3798e-03, -4.3769e-03,  1.2806e-02,  9.2607e-03, -2.4291e-03]],

         [[ 3.9084e-03, -1.0474e-02, -5.1396e-03, -1.8857e-02,  1.2103e-02],
          [ 1.0470e-02,  7.0099e-03,  1.4187e-02, -1.0972e-02, -1.7866e-04],
          [-5.4702e-03, -1.6322e-02, -1.5898e-03, -2.6224e-03,  1.2156e-02],
          [-2.6462e-03,  5.2163e-03, -1.7217e-02,  1.5380e-02,  8.4020e-03],
          [-7.3407e-03, -1.9749e-02,  1.5370e-02,  1.1655e-02, -9.4286e-03]]],


        [[[ 2.9211e-03,  1.5491e-02, -1.7877e-02, -9.3416e-03, -7.5731e-03],
          [ 4.3675e-03, -1.8358e-02, -7.2038e-03,  7.0324e-05, -7.0509e-03],
          [ 6.4716e-04,  9.7431e-03,  1.2844e-02,  1.6360e-02,  8.3882e-03],
          [ 1.8903e-02,  1.9013e-02, -1.0389e-02, -1.9720e-02, -4.5773e-03],
          [ 1.7278e-02,  1.8646e-02, -2.0737e-02, -2.0779e-02, -9.4994e-03]],

         [[ 1.2637e-02, -1.0070e-02, -1.9915e-02,  1.7023e-03,  1.1252e-03],
          [ 1.3202e-02,  7.8229e-03, -1.2999e-02,  3.2528e-03,  1.9240e-02],
          [-8.0506e-03, -1.0186e-02, -3.4688e-03,  5.4580e-03,  8.2607e-04],
          [ 1.2798e-02,  1.7941e-02, -1.6184e-02, -8.4599e-04,  8.3394e-03],
          [-1.6633e-02, -8.3041e-03, -8.9321e-03, -2.1576e-03, -1.9512e-03]],

         [[-4.8822e-03, -1.1675e-02,  5.4922e-03, -2.1855e-02,  1.9172e-02],
          [-6.1493e-03,  1.4658e-02, -7.2685e-03, -2.7315e-03, -2.5495e-03],
          [ 1.6899e-03,  2.1658e-03,  7.8889e-03,  1.8701e-02,  6.1330e-03],
          [-2.2617e-02, -6.8377e-03,  1.5789e-03, -2.9231e-03, -1.3937e-02],
          [-1.5498e-02, -1.9884e-02,  1.4608e-02, -4.7374e-03,  6.1662e-03]],

         ...,

         [[-1.0377e-02, -1.7109e-02, -1.9477e-02, -2.5810e-03, -1.1784e-02],
          [ 3.8938e-03, -2.1606e-03,  1.2597e-02,  6.3209e-03,  1.8004e-02],
          [ 1.8945e-02,  1.3998e-03,  5.5637e-03, -6.3070e-03, -3.6136e-03],
          [-9.7611e-03, -1.0304e-02, -1.6736e-03, -1.1896e-02, -9.8803e-03],
          [-1.8157e-02,  2.3415e-03,  8.1484e-03,  7.4878e-04, -1.4983e-02]],

         [[ 8.2399e-03,  1.6720e-02, -2.5968e-03,  2.2955e-02, -1.1991e-02],
          [-4.2790e-03,  3.8220e-04, -1.3113e-02,  1.9318e-02, -1.6069e-02],
          [ 5.0385e-04,  1.1464e-02,  2.9922e-03,  1.6372e-02,  7.2147e-03],
          [ 7.4026e-04,  1.7918e-02, -1.3127e-02,  1.7847e-02,  1.2238e-02],
          [ 4.8620e-04,  4.0602e-03,  1.0406e-03,  1.4276e-02,  1.5107e-02]],

         [[ 7.0013e-04,  2.2659e-03, -1.3116e-02, -1.4840e-04, -1.3612e-02],
          [-1.6579e-03, -8.5951e-03, -1.3309e-02,  3.5099e-03, -1.8865e-03],
          [-6.9807e-04,  9.7977e-03,  2.4373e-03, -9.7600e-03,  1.2311e-02],
          [-1.5959e-02,  7.9329e-03,  2.0790e-02,  1.4434e-02,  1.2541e-02],
          [-1.3784e-02,  3.9282e-04, -1.7158e-03, -2.1494e-03, -1.7311e-02]]],


        [[[-1.7084e-03,  2.1165e-04, -1.3425e-02, -3.5770e-03, -4.5316e-03],
          [ 1.2562e-02,  2.0407e-02, -1.0555e-02,  1.3606e-02, -2.2368e-03],
          [ 9.0893e-03,  1.6944e-03,  1.6484e-02,  1.0671e-03, -1.9797e-02],
          [-1.1504e-02,  1.1240e-02,  1.3929e-02, -6.8323e-03,  1.7162e-03],
          [-2.1054e-02, -1.7550e-02,  1.2761e-02, -9.9802e-03, -1.4845e-02]],

         [[-6.7286e-03, -4.0805e-03, -1.5104e-02, -7.0453e-03, -1.0333e-02],
          [-1.1570e-02,  2.3657e-02, -6.2354e-05,  1.0074e-02, -1.6104e-02],
          [-6.1958e-03,  5.2097e-04,  3.4276e-03, -1.4293e-02,  5.5625e-03],
          [ 1.7149e-02, -9.9728e-03, -1.5114e-02,  2.9978e-03,  1.8649e-02],
          [-5.3728e-03,  4.3042e-03, -4.8699e-03,  3.1495e-03,  1.8892e-02]],

         [[-2.2703e-02,  3.2772e-03,  5.2862e-03,  1.9734e-03, -1.5500e-02],
          [-2.0862e-03, -1.0049e-02, -1.9998e-02, -1.0505e-02, -2.2237e-02],
          [ 2.2893e-03,  1.3215e-02, -2.2710e-02, -1.3611e-02, -2.1073e-03],
          [-2.0103e-02,  1.6186e-02,  1.2612e-02,  3.8741e-03, -2.0191e-02],
          [ 6.7717e-03, -1.4779e-02, -4.9340e-03, -7.9230e-04, -8.0883e-03]],

         ...,

         [[-9.3716e-03,  1.0339e-02, -2.0183e-02,  1.5902e-02,  1.9121e-02],
          [-5.3610e-03, -3.7725e-03,  6.3132e-03,  2.8700e-04, -7.7339e-03],
          [ 1.5492e-02,  1.9616e-03,  7.3864e-03, -1.3224e-02, -1.5653e-02],
          [-1.1431e-02,  7.0206e-03,  1.8717e-02, -3.7600e-03, -2.1834e-03],
          [ 8.1251e-05, -1.5965e-02,  3.2673e-03,  1.1043e-02, -1.7554e-02]],

         [[-3.7509e-03, -1.0520e-03, -1.1398e-02,  9.0806e-03,  1.6950e-02],
          [-1.1987e-02,  1.4965e-02, -1.9615e-02, -1.0263e-02,  2.2689e-03],
          [-2.0085e-02, -3.2474e-04,  1.7117e-03, -1.2587e-02, -5.8094e-03],
          [ 9.5067e-03,  1.1015e-02,  1.5054e-02,  3.6825e-03, -1.7561e-02],
          [ 2.5471e-04,  1.8618e-02,  4.7638e-03, -6.1629e-03, -9.8001e-03]],

         [[ 7.8060e-04,  1.5895e-03,  8.5395e-03,  5.7934e-03,  3.5109e-03],
          [-6.2050e-03,  1.3999e-03, -5.1610e-03,  1.2924e-02, -1.2171e-02],
          [-1.9914e-02, -1.3776e-02, -9.1561e-03,  5.0417e-03,  1.5484e-02],
          [-8.7520e-03, -2.0973e-02, -1.7770e-02, -1.0078e-02, -2.1470e-02],
          [-1.0198e-02,  5.0938e-03, -1.0726e-02, -1.1805e-02, -8.0283e-03]]],


        ...,


        [[[ 4.5569e-03, -1.1806e-02, -8.4901e-03, -1.7627e-02, -1.7400e-02],
          [-2.2975e-02, -7.2053e-03, -1.6592e-02,  1.0077e-02, -1.7392e-02],
          [ 1.5153e-03, -1.9511e-02,  7.7975e-03,  1.5129e-02,  3.7066e-05],
          [-9.0678e-03, -2.0111e-02,  9.3466e-03, -6.9211e-04, -5.1212e-03],
          [ 4.0444e-03, -1.6437e-02,  6.3077e-03,  1.0010e-02, -1.3018e-02]],

         [[ 7.6011e-03,  2.9333e-03,  2.3500e-03, -3.8499e-03,  2.6419e-03],
          [ 1.4546e-02, -3.4768e-03, -6.2367e-03,  1.4176e-02, -1.8291e-03],
          [-2.3133e-02, -3.7194e-03,  4.9466e-03, -9.6240e-03,  1.0523e-02],
          [-5.6352e-03, -2.2762e-02, -2.5966e-03,  4.8859e-04,  5.5528e-03],
          [-1.7298e-02, -2.3197e-02,  6.0810e-03, -1.2947e-02, -4.2869e-03]],

         [[ 8.7530e-03, -2.2454e-02,  5.3478e-03, -5.2162e-03,  6.3171e-03],
          [-2.2090e-02,  7.6763e-03, -1.5573e-02, -1.3779e-02, -1.4727e-02],
          [-1.5659e-03, -7.8863e-03,  1.7393e-02,  1.6013e-02,  1.5946e-02],
          [ 8.9768e-03, -6.9153e-03, -1.9911e-02, -1.8707e-02,  5.3202e-03],
          [-5.2866e-03, -8.9262e-03, -1.5417e-02,  1.7321e-02, -2.5506e-03]],

         ...,

         [[-1.2195e-02, -1.4584e-02,  8.0610e-03, -2.0677e-02,  1.6928e-02],
          [ 8.2594e-03, -1.8033e-02, -2.1412e-02, -1.7029e-02,  6.4312e-03],
          [-2.4105e-02, -1.4417e-02, -2.3358e-02,  7.5281e-03, -5.0971e-03],
          [-1.1801e-02, -1.0764e-02, -9.6469e-03,  1.1678e-02, -1.3730e-02],
          [-2.4400e-02, -3.7803e-03, -9.9441e-03, -5.7517e-03, -2.0489e-02]],

         [[-2.4160e-04, -1.6370e-02, -1.6072e-02,  4.6380e-03, -2.0326e-02],
          [-1.0215e-02,  1.4819e-02, -8.3253e-04, -1.2437e-02,  3.4581e-03],
          [-3.9464e-04,  3.5257e-04, -1.4874e-02, -5.3850e-04, -1.4401e-02],
          [-5.3645e-03, -9.8202e-03,  7.0052e-03, -5.2315e-03, -1.6521e-03],
          [-1.5558e-02, -1.2958e-02,  9.4937e-03, -8.8541e-03, -1.9384e-02]],

         [[-1.7810e-02,  1.0700e-02, -3.7428e-03, -1.8525e-02, -1.6580e-02],
          [-1.0635e-02, -1.6737e-03,  1.1098e-02, -1.6047e-02,  1.3183e-02],
          [-7.9437e-03, -9.5501e-03, -4.8171e-03,  1.1290e-02,  1.5283e-02],
          [ 3.3761e-03, -1.2979e-02,  5.6504e-03,  1.8591e-03, -1.6743e-02],
          [-2.2841e-03,  7.0126e-03, -2.1756e-02, -4.3549e-03, -3.6326e-03]]],


        [[[ 1.5377e-02, -1.8410e-02, -1.1865e-03, -2.2536e-02,  9.8497e-03],
          [ 9.7035e-03, -1.3701e-02, -1.8883e-02,  1.5176e-03, -1.2106e-02],
          [-2.0525e-02, -1.5786e-03, -6.4577e-03,  3.8249e-03,  1.7009e-03],
          [ 1.3336e-02, -1.5534e-02, -1.2480e-02, -1.0079e-02,  6.8217e-03],
          [-2.0905e-02, -1.0215e-02,  1.2903e-02, -8.3985e-03, -8.9783e-03]],

         [[-1.5397e-02, -1.9496e-02,  5.4587e-04,  1.0300e-02, -1.4833e-02],
          [-1.6191e-02, -1.2147e-02, -2.1286e-02, -1.9723e-02, -1.2107e-02],
          [-6.0269e-03, -1.5874e-02,  1.1008e-02, -2.3975e-02, -1.9404e-02],
          [ 8.9768e-03,  1.1533e-02,  1.2806e-02,  4.5190e-03,  1.5188e-02],
          [-1.2140e-02, -9.7224e-04, -1.6879e-02, -1.1350e-02,  1.5309e-02]],

         [[-1.9860e-02,  5.2533e-03, -9.2502e-03, -5.8052e-03, -8.9339e-03],
          [-1.4872e-02,  6.6981e-03, -1.6629e-02,  1.5863e-02,  3.7390e-03],
          [ 3.7186e-03,  2.7974e-03,  1.1612e-03, -8.4713e-03, -9.7114e-03],
          [-1.8073e-02, -1.7907e-02,  1.5388e-02, -1.0873e-02, -9.6886e-03],
          [-5.8047e-03,  4.0758e-03, -7.5588e-03,  1.3478e-02, -1.1774e-02]],

         ...,

         [[ 9.7744e-03,  2.4707e-03, -1.8644e-02, -1.3469e-02, -2.5541e-02],
          [ 2.5862e-03, -2.3147e-02, -2.4316e-02, -2.4287e-02, -2.1572e-02],
          [-2.2090e-02, -2.4363e-02, -2.5513e-03, -1.1602e-02,  9.7027e-03],
          [-1.4177e-02, -1.5874e-02, -1.8904e-02, -9.1779e-03,  1.1173e-02],
          [-1.7910e-02, -4.7287e-03,  1.4806e-02,  8.6965e-03,  1.1406e-02]],

         [[-7.3933e-03,  8.0604e-04, -2.1962e-02,  2.9594e-03, -2.3015e-02],
          [-7.6670e-03,  1.6716e-02, -3.9653e-03, -1.8316e-02, -5.6610e-03],
          [-1.6255e-02, -1.3368e-02, -1.2212e-02,  6.8243e-04,  2.7410e-04],
          [ 4.1114e-03, -1.5592e-02,  8.2610e-03,  1.1781e-02,  1.5471e-02],
          [-5.5579e-03,  9.2291e-03, -2.0926e-02, -1.4420e-02, -1.7742e-02]],

         [[ 1.1622e-02, -1.5256e-02, -1.5084e-02, -6.3811e-03,  8.8823e-03],
          [ 1.4767e-02,  1.5346e-02, -5.3291e-03, -1.4069e-02, -1.4725e-02],
          [ 1.8464e-02,  1.4793e-02, -1.4666e-02, -3.0440e-03,  7.4937e-03],
          [-2.3257e-03,  8.6684e-04,  2.1521e-03, -6.5729e-03,  5.7199e-04],
          [ 3.8066e-03, -1.6452e-02, -1.5281e-02, -1.0412e-02, -9.0614e-03]]],


        [[[ 4.2387e-03,  1.1475e-02, -1.0867e-03,  7.5634e-03, -2.0180e-04],
          [-7.2919e-03, -8.8534e-04, -1.4465e-02,  1.5723e-03,  7.8438e-03],
          [-9.2080e-03,  1.7124e-02, -6.3659e-03, -1.5265e-03, -1.5255e-02],
          [-4.6663e-04, -1.7959e-02, -4.8191e-04, -1.3049e-02, -1.7878e-03],
          [-2.3633e-03,  1.0925e-02, -1.2332e-02,  1.7035e-02,  1.9096e-02]],

         [[ 1.8197e-03, -8.5968e-03, -8.3389e-03, -4.3679e-03,  1.0912e-02],
          [-7.0814e-03, -2.2301e-02, -1.6064e-02, -5.5015e-03, -1.2533e-02],
          [-1.3078e-03, -7.5284e-03,  9.4295e-03,  1.4720e-02, -5.4137e-03],
          [ 1.8869e-03, -5.2401e-03,  6.9336e-03, -2.4085e-03, -7.9273e-03],
          [-1.5480e-02, -2.1318e-02,  6.1147e-03,  5.3013e-03,  4.0509e-03]],

         [[ 1.2441e-03,  1.6104e-02, -1.7434e-02,  1.2549e-02,  1.6565e-02],
          [ 1.7494e-02,  1.2778e-02,  3.3479e-03, -5.2124e-03, -7.0105e-03],
          [ 8.9314e-03, -6.5865e-03,  6.8653e-03,  1.6741e-02, -2.0668e-02],
          [ 1.6873e-02, -9.4475e-03,  1.2758e-02, -9.5220e-03,  2.0802e-02],
          [ 1.9048e-02,  4.1855e-03, -6.7670e-03, -6.4480e-03,  1.0642e-02]],

         ...,

         [[ 1.9119e-02, -1.9771e-02, -4.9561e-03, -4.9394e-03, -1.2137e-02],
          [-1.7362e-02,  1.3623e-02,  1.4944e-02, -1.4818e-02, -1.4508e-02],
          [ 7.8734e-03, -1.9774e-02,  1.0499e-02,  7.7356e-03, -4.0657e-03],
          [-1.6600e-02, -6.2897e-03,  5.9607e-03, -5.2251e-03,  9.8358e-03],
          [ 1.3665e-02,  1.2733e-02,  1.8602e-02, -8.0951e-03, -1.1144e-02]],

         [[-2.0384e-02,  1.6734e-02,  1.7069e-02,  1.2272e-02,  6.8316e-03],
          [ 1.2281e-02, -5.7850e-03,  4.2404e-03,  4.5393e-03, -1.7175e-02],
          [-4.6488e-03, -8.7955e-03, -1.0786e-02,  1.5045e-02, -1.7702e-03],
          [ 1.2132e-02,  1.9216e-02,  3.5109e-03, -1.6883e-02,  7.7229e-03],
          [-1.5750e-02,  2.5522e-03, -1.3222e-02, -4.3369e-03, -3.9987e-04]],

         [[-5.5326e-03,  7.1006e-03, -1.4230e-02,  1.3354e-03,  1.6291e-02],
          [-2.0997e-02, -1.8416e-02,  2.9307e-03, -2.0269e-02,  1.5448e-02],
          [-1.6211e-02, -2.0379e-02,  2.8548e-03, -1.5712e-02, -6.0183e-03],
          [-1.1025e-02, -2.0577e-03,  1.7510e-02,  4.6681e-04,  1.1865e-02],
          [ 6.2848e-04,  1.5694e-02, -8.6744e-03, -1.2894e-02,  1.9151e-02]]]],
       device='cuda:0')), ('features.3.bias', tensor([ 0.0150,  0.0085,  0.0057, -0.0107,  0.0151,  0.0008, -0.0132, -0.0070,
        -0.0166,  0.0144, -0.0115,  0.0063, -0.0166, -0.0125, -0.0194,  0.0064,
         0.0064,  0.0173,  0.0105, -0.0163, -0.0056, -0.0218,  0.0021,  0.0029,
        -0.0110,  0.0190,  0.0160,  0.0056, -0.0012, -0.0132,  0.0069,  0.0157,
        -0.0004,  0.0142,  0.0024,  0.0097,  0.0008, -0.0091,  0.0053, -0.0013,
         0.0025, -0.0058, -0.0099,  0.0148, -0.0109, -0.0206,  0.0120, -0.0166,
         0.0056, -0.0024, -0.0067, -0.0021,  0.0032,  0.0179, -0.0155, -0.0193,
         0.0007, -0.0166, -0.0053, -0.0076, -0.0134,  0.0027,  0.0028,  0.0179,
        -0.0093, -0.0090,  0.0026, -0.0129,  0.0006,  0.0037, -0.0238,  0.0151,
         0.0068, -0.0176, -0.0212,  0.0112, -0.0173,  0.0178,  0.0065, -0.0126,
         0.0180, -0.0046,  0.0025,  0.0146,  0.0009, -0.0187,  0.0040,  0.0111,
         0.0014,  0.0135,  0.0122,  0.0121, -0.0208,  0.0079, -0.0170,  0.0026,
        -0.0027, -0.0045,  0.0138, -0.0095,  0.0095,  0.0077, -0.0068, -0.0037,
        -0.0191, -0.0099,  0.0123, -0.0205, -0.0182,  0.0158,  0.0025,  0.0196,
        -0.0080,  0.0041, -0.0181, -0.0191,  0.0175, -0.0183,  0.0134,  0.0161,
        -0.0194, -0.0133,  0.0016, -0.0145, -0.0085,  0.0049,  0.0039,  0.0214,
         0.0165, -0.0196,  0.0077, -0.0084, -0.0164,  0.0052, -0.0022, -0.0043,
         0.0043,  0.0157,  0.0013, -0.0117,  0.0198,  0.0095, -0.0027,  0.0140,
        -0.0182,  0.0225, -0.0062, -0.0143, -0.0044,  0.0120,  0.0052, -0.0127,
        -0.0086, -0.0019,  0.0011,  0.0182,  0.0068,  0.0177, -0.0181, -0.0009,
         0.0095,  0.0038, -0.0203, -0.0030,  0.0238, -0.0182, -0.0211, -0.0146,
         0.0096, -0.0043,  0.0073, -0.0168,  0.0160,  0.0202, -0.0095,  0.0102,
        -0.0187,  0.0183, -0.0193, -0.0075, -0.0023, -0.0028,  0.0132, -0.0162,
        -0.0051, -0.0140, -0.0067, -0.0201, -0.0130,  0.0134, -0.0013,  0.0068,
        -0.0013,  0.0072,  0.0046, -0.0092, -0.0169,  0.0078,  0.0104,  0.0064,
        -0.0098, -0.0081,  0.0038, -0.0110, -0.0065, -0.0033, -0.0107, -0.0117,
         0.0047, -0.0085,  0.0041,  0.0168,  0.0130,  0.0142, -0.0167, -0.0063,
        -0.0050,  0.0091, -0.0061, -0.0203, -0.0174,  0.0106,  0.0137, -0.0140,
         0.0125,  0.0103,  0.0129,  0.0048, -0.0024,  0.0132, -0.0167,  0.0114,
        -0.0082, -0.0003,  0.0165, -0.0022, -0.0052,  0.0259, -0.0227, -0.0149,
         0.0026,  0.0108, -0.0035,  0.0159,  0.0158, -0.0156, -0.0039, -0.0152,
         0.0105, -0.0114,  0.0040, -0.0005,  0.0087, -0.0131,  0.0040, -0.0158],
       device='cuda:0')), ('features.6.weight', tensor([[[[-0.0241, -0.0142, -0.0028],
          [ 0.0116,  0.0172, -0.0127],
          [ 0.0167,  0.0059,  0.0135]],

         [[-0.0014,  0.0190,  0.0175],
          [-0.0104,  0.0073,  0.0017],
          [-0.0053,  0.0211, -0.0182]],

         [[-0.0149,  0.0084, -0.0190],
          [-0.0208, -0.0195,  0.0015],
          [ 0.0094, -0.0153,  0.0147]],

         ...,

         [[-0.0147,  0.0131,  0.0106],
          [ 0.0148,  0.0167,  0.0168],
          [-0.0085,  0.0190,  0.0210]],

         [[ 0.0022, -0.0098, -0.0109],
          [ 0.0207, -0.0139,  0.0171],
          [ 0.0148,  0.0036,  0.0232]],

         [[ 0.0137,  0.0200,  0.0199],
          [-0.0177, -0.0057,  0.0044],
          [-0.0162, -0.0131, -0.0128]]],


        [[[-0.0192,  0.0099, -0.0031],
          [-0.0084, -0.0121,  0.0178],
          [-0.0179, -0.0067,  0.0130]],

         [[-0.0183, -0.0208, -0.0130],
          [-0.0129, -0.0122,  0.0083],
          [ 0.0168,  0.0105,  0.0182]],

         [[ 0.0237, -0.0084, -0.0120],
          [ 0.0020,  0.0013,  0.0179],
          [-0.0100,  0.0238,  0.0210]],

         ...,

         [[-0.0081,  0.0126,  0.0176],
          [-0.0089,  0.0053,  0.0101],
          [ 0.0190,  0.0181, -0.0136]],

         [[-0.0127, -0.0034,  0.0052],
          [ 0.0056,  0.0080,  0.0138],
          [-0.0135,  0.0184, -0.0017]],

         [[ 0.0188, -0.0180, -0.0167],
          [-0.0100, -0.0042,  0.0063],
          [-0.0171,  0.0024,  0.0016]]],


        [[[-0.0131,  0.0017, -0.0069],
          [ 0.0035, -0.0111, -0.0184],
          [ 0.0200, -0.0181, -0.0185]],

         [[-0.0046, -0.0159,  0.0170],
          [ 0.0057, -0.0020, -0.0097],
          [-0.0215, -0.0067,  0.0054]],

         [[ 0.0142, -0.0140,  0.0010],
          [-0.0179, -0.0083, -0.0069],
          [-0.0085,  0.0139, -0.0115]],

         ...,

         [[-0.0090,  0.0228, -0.0030],
          [ 0.0131, -0.0108,  0.0176],
          [ 0.0074, -0.0182,  0.0097]],

         [[-0.0205, -0.0086, -0.0221],
          [-0.0017,  0.0055,  0.0080],
          [-0.0197,  0.0143,  0.0127]],

         [[ 0.0128, -0.0175,  0.0035],
          [ 0.0212,  0.0113,  0.0150],
          [ 0.0118,  0.0021,  0.0038]]],


        ...,


        [[[ 0.0091, -0.0038, -0.0044],
          [ 0.0066, -0.0075, -0.0105],
          [ 0.0127,  0.0140,  0.0136]],

         [[ 0.0017, -0.0025,  0.0058],
          [-0.0116, -0.0135, -0.0189],
          [-0.0081, -0.0034, -0.0100]],

         [[ 0.0040,  0.0073, -0.0056],
          [-0.0213, -0.0177,  0.0106],
          [ 0.0129, -0.0207,  0.0024]],

         ...,

         [[ 0.0047, -0.0074, -0.0107],
          [ 0.0149, -0.0135,  0.0119],
          [ 0.0160,  0.0102, -0.0057]],

         [[-0.0022, -0.0062, -0.0067],
          [ 0.0087, -0.0124,  0.0042],
          [ 0.0060,  0.0091, -0.0002]],

         [[-0.0009,  0.0165, -0.0142],
          [ 0.0022,  0.0155,  0.0117],
          [ 0.0142, -0.0117, -0.0068]]],


        [[[-0.0056,  0.0151,  0.0028],
          [ 0.0166, -0.0020, -0.0081],
          [-0.0123, -0.0124,  0.0190]],

         [[ 0.0087,  0.0120, -0.0087],
          [ 0.0057, -0.0162,  0.0106],
          [-0.0006, -0.0189, -0.0068]],

         [[-0.0054,  0.0142,  0.0025],
          [-0.0094,  0.0081, -0.0044],
          [-0.0226, -0.0209, -0.0173]],

         ...,

         [[ 0.0188,  0.0174,  0.0124],
          [-0.0168,  0.0032, -0.0022],
          [-0.0102, -0.0081, -0.0032]],

         [[-0.0138,  0.0105,  0.0220],
          [-0.0177,  0.0114, -0.0164],
          [-0.0103,  0.0183,  0.0153]],

         [[-0.0165, -0.0103,  0.0010],
          [ 0.0063, -0.0201, -0.0058],
          [-0.0073,  0.0170, -0.0137]]],


        [[[ 0.0083, -0.0158, -0.0005],
          [ 0.0050,  0.0112, -0.0102],
          [-0.0170,  0.0031,  0.0187]],

         [[-0.0218, -0.0158, -0.0132],
          [-0.0067, -0.0005,  0.0075],
          [ 0.0191, -0.0172, -0.0057]],

         [[ 0.0158,  0.0090, -0.0009],
          [-0.0186, -0.0102, -0.0120],
          [-0.0051, -0.0007, -0.0116]],

         ...,

         [[ 0.0043, -0.0189,  0.0200],
          [ 0.0094, -0.0192,  0.0190],
          [ 0.0037, -0.0163, -0.0085]],

         [[ 0.0186,  0.0062,  0.0113],
          [ 0.0219,  0.0183, -0.0172],
          [-0.0070, -0.0139,  0.0050]],

         [[-0.0190,  0.0150, -0.0030],
          [-0.0204,  0.0164,  0.0134],
          [-0.0070, -0.0201, -0.0040]]]], device='cuda:0')), ('features.6.bias', tensor([-2.0387e-03,  1.9722e-02, -1.1156e-03, -3.8223e-03, -1.3190e-03,
        -2.2093e-02,  2.5638e-03,  1.7351e-02,  6.1897e-03,  1.0861e-03,
         2.9335e-04,  8.2738e-03,  1.1150e-02, -1.3310e-02,  1.1900e-02,
        -1.5939e-02,  4.9067e-03,  1.2063e-02, -1.9544e-02, -1.6890e-02,
        -1.3139e-02,  7.7349e-03, -1.6517e-04,  1.9999e-02, -4.2973e-03,
        -7.6826e-03,  1.7949e-02, -1.4081e-03, -1.4074e-02, -9.9669e-04,
        -6.6328e-03, -5.3657e-04,  1.0299e-02, -6.9643e-03, -5.2706e-03,
         1.3829e-02,  7.7626e-03,  9.9314e-03, -1.2773e-02, -2.7211e-03,
         8.3412e-03,  7.6805e-03, -2.8177e-03, -1.7561e-03,  8.3825e-04,
        -2.0906e-02,  1.6807e-02, -9.6067e-03, -2.2991e-02,  1.3231e-02,
         4.8511e-03, -1.9502e-02, -1.6008e-02,  1.1969e-02, -1.0526e-02,
        -1.9723e-02,  9.7233e-03, -1.5136e-02,  3.0876e-03,  1.8271e-02,
         1.2665e-03, -1.5094e-02, -2.3936e-02, -1.5495e-02, -3.8591e-03,
         1.4782e-02, -8.4727e-05,  1.9568e-02, -1.2697e-02,  6.5280e-03,
        -7.8154e-03,  1.4024e-04,  1.1679e-02,  1.3242e-02,  6.3061e-03,
         1.0722e-02,  1.8655e-02,  6.6345e-03,  1.1545e-03, -8.7068e-04,
        -2.1877e-02,  5.1294e-03, -7.0148e-03,  1.0031e-02,  1.6151e-02,
         1.7383e-02,  9.3309e-03, -1.6379e-02,  1.7638e-02,  5.4627e-03,
        -1.5958e-02, -1.9635e-04,  1.8040e-02, -7.2407e-03, -1.9771e-02,
        -2.0928e-02, -1.4250e-02, -9.8933e-03, -1.1666e-02,  1.2271e-02,
         1.5175e-02, -7.8893e-03,  1.5133e-02, -1.9084e-02, -3.6090e-03,
        -2.4247e-03,  3.4221e-03, -1.9373e-02,  7.0464e-03, -1.2217e-02,
        -6.4925e-03, -1.2328e-02, -1.0892e-02, -2.0825e-02,  7.9859e-03,
         6.7194e-03, -4.1154e-03, -1.6293e-02, -7.7282e-04, -3.8348e-03,
        -7.5901e-04, -8.0848e-03,  1.3263e-02,  1.5074e-03, -1.3031e-02,
        -2.2349e-02,  1.4615e-02,  6.8944e-03,  8.0792e-03, -1.2309e-02,
         1.4443e-02,  2.1121e-02,  7.7276e-04,  1.3195e-03,  1.0314e-02,
         4.8767e-03, -3.1612e-03,  1.9567e-02, -1.1647e-03,  3.9092e-03,
         8.2394e-03,  1.0683e-02, -1.9277e-03, -2.0000e-02,  1.5566e-02,
        -2.1665e-02,  1.8918e-02, -2.1563e-02,  1.4905e-02,  1.4035e-02,
        -1.5800e-02, -1.5050e-02,  8.7422e-03,  2.4390e-03, -1.2115e-02,
         1.4044e-03, -1.4986e-02,  1.1856e-02, -4.5250e-03, -1.5438e-02,
         4.7586e-03,  1.7758e-03, -2.6143e-02,  2.5504e-02, -2.1826e-02,
         4.9980e-03, -1.6304e-02, -6.4389e-03,  2.1467e-03, -2.2769e-03,
         3.4328e-03, -1.7890e-03,  1.6270e-02,  4.5304e-03,  1.0008e-03,
         1.6703e-02, -1.8055e-02, -1.6192e-02,  9.0271e-03,  1.5521e-02,
        -1.0889e-02,  9.6933e-03,  7.9359e-03,  3.8042e-03,  1.6151e-02,
        -7.8917e-03,  1.5165e-02,  1.0171e-02, -1.2154e-02,  1.4544e-02,
         1.6139e-02, -9.5151e-03, -4.1987e-03,  5.1958e-03, -1.1884e-02,
        -2.6334e-03,  1.1386e-02, -1.2389e-02, -1.1039e-02, -5.8507e-03,
        -1.7484e-02,  1.9996e-02,  1.0175e-02,  1.7471e-02, -1.7164e-02,
        -2.2401e-02, -7.4822e-03, -1.6134e-02,  7.2506e-04, -1.7425e-02,
         4.1588e-03,  1.8343e-02, -5.7067e-04, -1.8918e-02, -1.1805e-02,
        -9.0756e-03,  9.0720e-03,  1.3964e-02, -2.2602e-02,  1.1711e-02,
        -1.0580e-02,  4.1735e-03,  4.4423e-03, -1.2114e-02,  1.2562e-02,
        -7.6858e-03,  4.8783e-03, -1.2336e-02, -7.8451e-04,  1.6991e-02,
        -8.1498e-03,  6.2748e-03, -8.3259e-03,  1.5098e-02, -1.1887e-02,
         1.8930e-02,  1.6102e-02, -2.0594e-02,  1.9040e-02, -5.4929e-03,
         9.8857e-03, -1.9381e-02,  2.1754e-02, -2.5817e-02, -6.9406e-03,
         3.2643e-03, -2.7314e-03,  1.5615e-02, -9.5488e-03, -1.6655e-02,
         1.7442e-02, -3.2223e-03,  1.6779e-02,  8.1176e-03, -1.7458e-02,
        -2.1073e-02, -1.1188e-02, -9.6819e-03, -4.8193e-05, -2.9035e-03,
        -4.3015e-03, -1.1042e-02, -7.6228e-03,  1.7121e-02, -1.2360e-02,
         5.3657e-04,  8.1450e-03,  1.3929e-02,  5.7249e-03, -1.1829e-02,
         5.9296e-03,  2.2680e-02,  1.1622e-02, -2.6445e-03, -1.7777e-02,
        -1.7514e-02, -7.3593e-03, -6.2879e-03, -2.0633e-03, -1.9979e-02,
         1.6067e-02,  1.9177e-02,  1.9523e-03, -1.6923e-03,  1.1283e-02,
        -1.1244e-02, -8.0681e-03,  1.3229e-02,  1.0671e-02, -9.0137e-03,
         9.4747e-03, -1.2090e-02, -2.0786e-02, -6.4887e-03,  6.9202e-03,
        -7.2382e-03,  3.7245e-03, -1.4662e-02,  2.0284e-02, -6.8804e-03,
         1.3388e-02,  6.0042e-03,  1.5621e-02, -1.2922e-02, -8.6434e-04,
         9.9495e-03,  4.6302e-03,  1.5132e-02, -1.2044e-02, -2.1867e-02,
        -2.5566e-02, -6.3654e-03,  1.1725e-02,  4.8975e-03, -1.5265e-03,
        -6.1054e-03,  5.5382e-03,  2.2695e-02,  6.8730e-03, -8.3899e-03,
         9.4222e-03,  2.7985e-03,  1.5291e-02, -9.4955e-03,  1.7174e-02,
         1.7040e-02, -1.5490e-02, -8.7693e-03, -1.0902e-02, -6.0506e-04,
         2.2514e-03,  5.3315e-03, -2.4056e-02, -8.9493e-03,  5.1294e-03,
        -1.4424e-02,  1.9755e-03, -1.7323e-02, -3.3400e-03, -2.1383e-02,
         1.4381e-02,  1.0399e-02, -1.7547e-02, -1.6829e-02, -7.8310e-03,
         1.7946e-02, -2.4835e-03, -1.0535e-02, -9.1781e-03, -2.4045e-02,
         1.3650e-02,  1.0255e-02,  5.3092e-03, -9.8611e-04, -4.1186e-03,
        -1.3896e-03, -2.0365e-02,  3.4549e-03, -2.2095e-03,  1.0852e-02,
        -3.1156e-03, -6.1111e-03, -1.7319e-02,  1.5504e-02,  1.9892e-04,
         1.0672e-02,  9.1192e-03, -9.5312e-03,  1.6205e-02, -1.7738e-02,
         5.7265e-03, -6.0509e-03, -1.9510e-02,  1.1659e-06,  9.0572e-03,
        -8.8228e-03, -1.5976e-02, -5.5090e-03,  8.6755e-03, -1.4816e-02,
        -1.3355e-02,  2.4695e-03, -2.6219e-03, -1.8257e-02], device='cuda:0')), ('features.8.weight', tensor([[[[ 4.4402e-03, -1.4300e-02,  7.5768e-03],
          [-3.0664e-03,  9.7843e-04, -1.6728e-03],
          [ 1.3900e-02, -6.0407e-03, -3.5225e-03]],

         [[-1.6779e-02, -4.5063e-03, -1.6965e-02],
          [-1.4112e-02, -4.9358e-03, -9.3448e-03],
          [ 1.9291e-02,  1.7446e-02, -1.3479e-02]],

         [[-4.9952e-04, -5.6748e-03,  3.3529e-03],
          [ 1.1584e-02, -1.0601e-02, -1.1342e-02],
          [-7.3770e-03, -2.6161e-03,  1.4338e-02]],

         ...,

         [[-1.0567e-02,  5.5729e-03,  1.1329e-02],
          [ 1.0213e-02, -8.3086e-03, -8.4459e-03],
          [ 1.2929e-02,  2.7324e-03, -7.6842e-03]],

         [[-9.9593e-03, -1.7138e-02, -1.3884e-02],
          [-8.1810e-03,  4.4493e-03,  4.9518e-04],
          [ 1.1570e-02,  1.3149e-02, -2.9604e-03]],

         [[-1.3839e-03,  5.3717e-03, -7.7728e-03],
          [ 3.8376e-03,  7.4114e-03,  1.6866e-02],
          [ 1.5503e-02,  1.7539e-03, -1.0630e-02]]],


        [[[ 2.2796e-02, -1.0010e-02,  2.0920e-02],
          [-2.6877e-03,  1.6090e-02,  1.7996e-03],
          [-1.2674e-02,  1.2980e-02, -1.6064e-02]],

         [[-6.5039e-03,  1.2815e-02, -1.0708e-02],
          [ 1.3789e-02,  9.1473e-03,  1.3753e-02],
          [-3.1266e-03, -1.8602e-02, -1.3686e-02]],

         [[ 1.3616e-03, -9.1201e-03, -1.6213e-03],
          [-1.0833e-02, -1.5466e-02, -8.3303e-03],
          [ 9.8346e-03,  5.9449e-03,  1.4359e-04]],

         ...,

         [[-1.0838e-02, -6.2105e-03, -6.4082e-03],
          [-1.0362e-02,  1.0699e-02, -1.3528e-02],
          [-1.0206e-02,  1.0293e-02, -6.3181e-03]],

         [[ 4.8349e-04,  3.6925e-03, -1.7079e-02],
          [-1.6664e-03, -7.8123e-03,  1.3342e-03],
          [-1.5794e-02, -6.5767e-04, -1.7956e-02]],

         [[-6.5321e-03, -1.3933e-02,  3.3076e-03],
          [-5.8412e-03, -2.2794e-03, -1.3084e-02],
          [-5.5858e-03, -7.6398e-04, -7.6463e-03]]],


        [[[ 1.4082e-02, -1.7386e-03, -7.1367e-03],
          [ 1.3952e-02, -1.3984e-02,  9.1510e-03],
          [-3.0858e-03,  4.1254e-03, -4.7088e-03]],

         [[ 5.1742e-03, -1.4008e-02,  7.3844e-03],
          [-1.6581e-02, -1.4266e-02,  1.0200e-02],
          [-2.7406e-04, -2.8666e-04,  5.7899e-03]],

         [[ 1.2096e-02,  8.2793e-03,  8.0102e-03],
          [-5.8919e-03,  6.1136e-03,  5.4371e-04],
          [-9.0539e-03, -3.2449e-03,  1.3389e-03]],

         ...,

         [[-4.7428e-03, -1.3965e-02, -1.1190e-02],
          [ 5.9729e-03, -1.1605e-02,  8.1926e-03],
          [-1.1254e-03,  9.9039e-03, -6.7384e-03]],

         [[ 1.1647e-03,  1.0692e-02,  1.2689e-02],
          [-1.5798e-02,  1.2023e-02,  1.9157e-02],
          [-1.6447e-03,  1.7652e-02, -1.3091e-03]],

         [[-7.8030e-03, -1.2412e-02, -4.2525e-03],
          [ 1.3433e-02, -1.5516e-02,  8.8890e-04],
          [ 1.5091e-02,  1.2749e-02, -1.3812e-02]]],


        ...,


        [[[ 7.2341e-03, -1.1419e-02, -1.6411e-02],
          [ 1.2353e-02,  1.7140e-02,  1.2253e-02],
          [ 1.4857e-02,  1.4532e-02, -1.3603e-02]],

         [[-1.4141e-02, -5.4369e-03, -1.6396e-02],
          [ 2.7562e-03, -1.1180e-02,  1.2465e-02],
          [-6.5950e-03, -2.8013e-03, -9.7596e-03]],

         [[-8.6034e-03,  5.0681e-03,  1.8772e-03],
          [-1.3365e-02, -1.8138e-02, -1.7893e-02],
          [-1.1494e-02,  1.4060e-02, -1.1114e-02]],

         ...,

         [[ 2.8987e-03,  9.3736e-03, -1.6801e-02],
          [-2.0206e-04, -7.8514e-03,  1.0959e-02],
          [ 1.5548e-02,  1.1418e-02,  1.5855e-02]],

         [[-1.6762e-02,  3.1053e-04, -1.4830e-03],
          [-1.1115e-03,  1.5653e-02,  1.2647e-02],
          [-1.2273e-02,  8.0223e-03,  4.3027e-04]],

         [[ 1.7383e-02,  2.0421e-03,  1.1829e-02],
          [ 1.3673e-02, -2.8881e-03,  2.0161e-02],
          [ 1.0445e-03,  1.3928e-02,  3.9926e-03]]],


        [[[ 2.8292e-03, -1.2543e-02,  1.7754e-02],
          [-6.6212e-03, -1.7641e-02,  1.3320e-02],
          [-4.2699e-03,  8.8262e-03,  5.0259e-03]],

         [[-8.6086e-03,  1.3986e-02, -1.8154e-03],
          [-1.1353e-02, -1.1128e-02, -6.6289e-03],
          [ 1.5324e-02, -1.1792e-02, -1.0286e-02]],

         [[ 8.5521e-03,  5.3593e-03,  1.5170e-02],
          [ 1.0966e-02,  9.9631e-03, -9.1511e-03],
          [-6.2048e-03, -9.3866e-03, -8.1568e-05]],

         ...,

         [[-6.1296e-03,  2.0734e-03, -3.7398e-03],
          [ 7.2060e-03,  1.4324e-02, -1.6383e-02],
          [-1.0955e-02, -3.4168e-03, -9.8264e-03]],

         [[ 1.1481e-02, -1.0424e-02, -1.3318e-03],
          [-6.3802e-03, -1.5585e-02,  3.0801e-03],
          [-1.0103e-02,  1.3694e-02,  8.3137e-03]],

         [[-2.9233e-02, -1.6211e-02, -1.2434e-02],
          [-1.3861e-02, -7.7422e-03, -1.4739e-02],
          [-3.7147e-03, -8.4535e-03, -3.7253e-03]]],


        [[[-1.2603e-02,  1.9702e-03, -3.9371e-03],
          [-9.7099e-03, -1.6089e-02,  7.1773e-03],
          [ 7.6231e-03,  1.6246e-02,  3.5037e-03]],

         [[ 1.2176e-02,  3.4556e-03,  5.4827e-03],
          [ 6.6044e-03,  1.2726e-02, -1.5605e-02],
          [ 9.8215e-03,  8.7527e-03,  3.4033e-03]],

         [[ 1.1551e-02,  2.1044e-03, -5.6147e-03],
          [-8.1501e-03,  8.3462e-03, -1.0655e-02],
          [ 9.6299e-03,  3.5601e-03, -4.1788e-04]],

         ...,

         [[-1.6715e-02, -3.7722e-03, -1.6438e-02],
          [-1.4745e-02,  1.1723e-02,  4.0541e-03],
          [-1.5765e-02,  1.1661e-02, -1.5515e-02]],

         [[-1.2124e-03, -1.3820e-02,  1.4624e-02],
          [ 1.0937e-02,  2.0042e-03,  4.3197e-03],
          [ 3.8136e-03,  4.0359e-03,  5.7441e-03]],

         [[-1.2456e-02, -1.5237e-02, -8.8675e-03],
          [-5.7705e-03, -8.4278e-03, -1.3563e-02],
          [-7.7042e-03,  5.1736e-03,  2.1466e-03]]]], device='cuda:0')), ('features.8.bias', tensor([-1.2838e-02,  7.4888e-03, -4.4535e-03,  1.1487e-02, -5.9686e-03,
        -1.3588e-02, -1.9317e-02, -1.3421e-02, -2.1528e-03,  5.5838e-03,
        -2.7099e-03,  2.2536e-02,  1.1505e-02,  7.3218e-03, -1.8569e-02,
        -1.0483e-02, -7.3900e-04,  1.9160e-02,  1.4689e-02,  1.6476e-02,
         1.8662e-02, -8.4144e-03,  1.4474e-02, -1.2959e-03, -1.2085e-02,
        -1.0352e-02,  7.0749e-04, -1.6009e-02, -1.5836e-02,  1.7444e-03,
        -2.8867e-03,  1.5979e-03,  1.1161e-02, -9.9264e-03,  1.6203e-02,
        -1.6833e-02, -7.3027e-03,  8.1180e-03,  3.5767e-03,  8.8190e-03,
         2.0317e-03, -3.1788e-03, -1.9278e-02,  1.3910e-02, -1.6814e-02,
         2.1107e-03, -1.6385e-02,  1.5183e-02, -1.5245e-02,  9.3473e-03,
         3.9181e-04, -1.6967e-02,  4.9254e-03, -1.1378e-02, -1.4106e-02,
        -9.6371e-04,  2.8527e-03, -5.6386e-03,  1.0119e-02,  5.2972e-03,
         9.0188e-03, -6.1213e-03, -7.7667e-03, -1.2403e-02,  1.1983e-02,
        -1.6949e-02,  5.6960e-03, -1.2077e-02,  2.4058e-03, -1.0000e-02,
        -1.9027e-02, -1.3060e-02, -6.9826e-03,  8.7069e-03, -1.4378e-02,
         1.0295e-02, -1.3126e-02, -1.4938e-02, -3.4184e-03, -1.0059e-02,
         9.2302e-03,  1.0516e-02,  1.1395e-02, -9.7506e-03, -1.7534e-03,
        -9.0280e-03, -1.7236e-02, -1.2907e-02,  7.2422e-03, -1.3268e-02,
         1.9487e-03,  5.0781e-04, -3.9298e-03,  1.5478e-04, -7.3882e-03,
        -1.1791e-02,  3.6046e-03,  4.2371e-03,  1.8022e-02, -1.2295e-02,
         1.3220e-02,  3.6581e-03, -9.7369e-03,  8.4495e-03, -1.0451e-03,
         4.7101e-03,  9.4217e-03, -4.2483e-03, -1.1194e-02,  1.1728e-02,
        -3.5498e-03,  1.4409e-02,  2.4840e-03, -8.7563e-03, -7.4095e-03,
        -1.2600e-02,  4.4869e-03, -5.0874e-03,  9.7490e-04,  4.0477e-03,
         9.4040e-03, -8.9040e-03, -2.0304e-03,  2.9759e-04,  8.1245e-03,
         1.1208e-02,  1.7785e-02,  6.2167e-03, -3.3871e-03,  2.0771e-02,
         1.1738e-02, -9.1351e-03, -2.0295e-02, -7.4162e-03,  1.2441e-02,
        -1.4315e-02, -9.3227e-03, -1.8374e-02, -1.7745e-02,  1.2458e-02,
         6.6204e-03, -2.1317e-02, -1.4506e-02, -3.7750e-03,  1.6194e-02,
         4.5577e-03, -1.1309e-02,  1.1687e-02, -3.7494e-03,  1.3174e-02,
         7.9916e-03,  1.0362e-02, -9.3465e-03, -4.3323e-03, -1.8716e-02,
        -6.1303e-03,  5.0357e-03, -1.0531e-02, -1.1057e-02,  8.1593e-03,
        -1.6896e-02,  1.4232e-02,  5.1752e-03,  1.4399e-02, -1.0247e-02,
         1.9737e-03, -1.8409e-03, -1.4234e-02, -1.5131e-02,  5.1861e-03,
         1.2823e-04,  3.2506e-03, -1.0137e-02, -2.4597e-03,  9.5017e-04,
        -1.3849e-02, -9.9865e-03, -1.4227e-02,  1.6935e-04, -1.0652e-02,
        -6.7444e-03,  1.9525e-02,  8.8911e-03,  1.4425e-02,  6.2949e-03,
        -5.1511e-04,  7.8106e-03,  4.1744e-03,  2.9676e-03,  1.2541e-02,
         1.4025e-02,  1.2253e-02, -1.0647e-03, -1.2038e-02, -1.6870e-02,
        -3.7964e-03, -8.7892e-03, -1.6819e-02, -4.2555e-03,  1.5511e-02,
        -9.4615e-04, -1.1042e-02, -1.2982e-02, -9.0575e-03,  7.3003e-03,
        -1.3162e-02,  1.3942e-02, -3.6664e-05,  1.3131e-02,  2.7531e-03,
        -1.1631e-02, -7.5001e-03,  1.5152e-02,  5.2891e-03, -1.4058e-02,
        -3.1703e-03, -5.4215e-03,  1.3808e-03,  1.4869e-02, -7.2982e-03,
        -9.6307e-03, -6.9919e-03, -4.6183e-03,  1.4821e-02, -2.0883e-02,
         7.9426e-03, -6.9368e-03,  8.9427e-03, -5.7471e-03,  1.4202e-02,
        -1.2080e-02, -2.7695e-03, -1.8512e-02,  9.6484e-03,  1.0036e-02,
         1.6941e-02,  9.6279e-04, -8.2298e-03, -1.2535e-02, -7.9825e-03,
        -1.1890e-03, -1.8919e-02,  7.7931e-03,  1.2887e-02,  6.1490e-03,
         5.1705e-03,  2.2734e-02, -1.7573e-02, -4.0563e-03,  2.2076e-03,
         9.1541e-04,  1.2059e-02,  1.8800e-02, -4.3721e-03,  1.8559e-02,
         1.5787e-02,  1.2979e-03, -3.0707e-03,  6.8794e-03, -4.7896e-03,
         1.2773e-02, -3.9462e-03, -1.6477e-02, -3.0793e-03,  9.5928e-03,
         4.4388e-03, -7.1927e-03,  8.7544e-03, -1.9239e-02, -1.4909e-02,
        -1.1888e-02,  1.0084e-02,  1.3847e-02,  1.2367e-02,  7.2514e-03,
        -2.5067e-03,  1.0008e-02,  1.0374e-02, -1.6342e-02, -1.3269e-03,
        -1.0462e-02,  1.1309e-03,  6.2593e-03,  1.7083e-02, -9.7275e-03,
         4.4649e-03,  7.0459e-03, -1.4316e-02,  2.4171e-03,  1.4914e-02,
         1.1718e-03, -8.7338e-03,  7.0726e-03,  8.2651e-03,  2.4574e-03,
        -1.5552e-02, -1.6491e-02,  8.1747e-03, -1.4304e-02,  1.3105e-02,
         9.0867e-03,  4.0379e-03,  4.2639e-03,  7.2211e-04,  1.4162e-02,
        -1.2724e-02, -1.7305e-02,  3.7903e-03,  1.1550e-02, -9.6823e-03,
        -4.7018e-03, -1.3680e-02, -2.8567e-03,  8.3207e-03, -1.7523e-03,
         1.3655e-02, -4.4703e-04, -1.4804e-02,  3.3112e-03,  9.4917e-04,
         1.2250e-02, -7.9656e-03,  8.0402e-03,  5.4104e-03, -1.1776e-02,
        -1.7366e-02,  7.9967e-03,  5.2714e-03,  1.0736e-03,  1.3694e-02,
         5.7876e-03,  1.1819e-02,  1.2868e-02,  1.3126e-02, -1.2459e-02,
        -1.1870e-02, -8.1547e-03,  6.5051e-03, -1.4455e-02, -7.2329e-03,
         3.1696e-03, -1.9493e-02,  1.6731e-02, -5.3426e-03,  8.0175e-03,
        -1.4134e-02, -1.1688e-03,  5.7284e-03, -8.4739e-03, -9.8397e-03,
         1.2030e-02, -3.6237e-03, -3.3426e-03,  9.9514e-03,  1.0863e-02,
        -1.6393e-02,  5.6763e-03, -9.5574e-03,  1.4458e-02,  1.0645e-02,
         2.7800e-03, -1.7145e-02,  1.0790e-02, -1.4298e-02,  1.9528e-02,
        -2.4481e-03,  8.1914e-03,  1.0752e-02, -1.7895e-02,  1.1505e-02,
        -9.7653e-03, -3.3509e-03,  9.1117e-03,  9.9587e-03,  2.8322e-03,
         1.0684e-02, -1.2133e-02,  5.3066e-03, -1.0995e-02,  1.8253e-02,
        -4.8306e-03,  2.1488e-03,  1.0139e-02,  1.7225e-03], device='cuda:0')), ('features.10.weight', tensor([[[[ 1.6029e-02,  1.9290e-03,  1.6774e-02],
          [-8.4148e-03,  2.2551e-02, -1.0891e-02],
          [-7.9431e-03,  1.3195e-02, -1.1332e-03]],

         [[ 7.3172e-03,  1.3288e-02,  1.0431e-02],
          [-1.7669e-02,  1.1749e-02, -5.7757e-03],
          [ 5.9556e-03,  1.0338e-02, -8.2505e-05]],

         [[-1.4684e-02,  9.1100e-03, -6.8703e-03],
          [ 2.6590e-04,  2.1373e-03,  4.5055e-03],
          [ 9.3080e-03,  9.7956e-03, -1.5157e-02]],

         ...,

         [[-5.8344e-03,  1.8299e-02,  1.7357e-02],
          [ 2.0686e-03,  1.1619e-02,  1.8711e-02],
          [ 1.9215e-02,  7.9671e-03,  1.4805e-02]],

         [[-1.0924e-02,  7.8592e-04, -2.2247e-02],
          [-1.8915e-02,  1.3918e-03, -1.5987e-02],
          [ 9.6884e-03, -1.4712e-02,  1.6675e-02]],

         [[-1.3497e-03,  7.9594e-03,  1.5775e-02],
          [-1.2181e-02, -1.9569e-03, -1.3376e-03],
          [ 1.1132e-02,  3.8156e-03, -1.1187e-02]]],


        [[[-8.5022e-03,  3.2681e-03, -6.8622e-03],
          [-3.6567e-04,  1.6692e-04, -1.1829e-02],
          [-2.1405e-03, -1.5301e-04, -1.4012e-03]],

         [[ 1.7248e-03, -1.4268e-02,  6.6425e-03],
          [-8.3503e-03,  1.1251e-02,  4.2820e-03],
          [-1.4950e-02, -1.3526e-02,  4.0834e-03]],

         [[ 1.0571e-02,  1.6444e-02,  4.4910e-03],
          [-1.3574e-02,  1.1187e-02, -1.4902e-02],
          [-1.0395e-02, -1.2791e-02, -9.6769e-03]],

         ...,

         [[-7.6741e-03,  1.2709e-02,  8.1579e-03],
          [ 9.6592e-03, -2.5466e-03, -1.1543e-02],
          [ 8.3897e-03,  5.8830e-03, -1.4215e-02]],

         [[ 9.7399e-03, -3.5528e-03,  4.4556e-03],
          [ 3.9477e-03,  2.2985e-03, -1.9898e-02],
          [-1.3304e-03, -1.6656e-02, -3.1489e-03]],

         [[-3.2159e-03,  6.2457e-03, -6.5762e-03],
          [-6.2075e-03, -7.7933e-03,  1.1599e-02],
          [-4.1008e-03, -7.3484e-03, -1.0139e-03]]],


        [[[ 1.8914e-02,  7.5355e-03, -5.0276e-04],
          [ 1.1811e-02,  2.2640e-02,  1.3955e-02],
          [-1.2052e-02, -1.1489e-02, -6.7987e-03]],

         [[-9.8179e-03, -4.5866e-03,  4.2352e-04],
          [ 7.0348e-03, -7.1026e-03, -7.7510e-03],
          [-2.8441e-03, -1.9144e-02, -1.8017e-03]],

         [[-2.6638e-03,  4.6112e-03, -9.5017e-03],
          [-1.0775e-02, -1.9050e-02,  7.1780e-03],
          [-2.8976e-03, -1.1654e-02, -1.1928e-02]],

         ...,

         [[ 1.2318e-02, -9.1140e-03, -4.2295e-03],
          [-5.5693e-03, -2.0835e-02, -2.1450e-02],
          [ 9.0305e-04, -3.7816e-03, -9.3496e-03]],

         [[ 1.3326e-02, -4.6973e-03, -2.1167e-02],
          [ 3.7613e-03, -5.1078e-03,  1.3918e-02],
          [-1.0025e-02,  2.2512e-02,  4.9923e-03]],

         [[ 3.8834e-03,  1.0428e-02,  8.8796e-04],
          [-6.8026e-04,  6.5021e-03,  2.7580e-03],
          [-1.5166e-02, -7.3150e-03, -1.4724e-02]]],


        ...,


        [[[-1.0222e-02,  4.3138e-03, -2.0517e-02],
          [-5.2563e-03, -7.3055e-03,  5.3223e-03],
          [ 2.4240e-03, -1.1641e-02,  1.1871e-02]],

         [[-2.5726e-03, -1.7641e-03,  8.7061e-03],
          [-1.5128e-02, -1.3904e-02,  1.4188e-02],
          [-7.3120e-03, -1.4201e-02, -7.2890e-03]],

         [[-5.1357e-03, -1.2198e-02, -1.9467e-02],
          [ 7.7176e-03,  4.9401e-03,  4.7495e-03],
          [ 6.8357e-03, -1.0149e-02,  2.5815e-03]],

         ...,

         [[-7.4320e-03,  5.0787e-03, -2.8223e-03],
          [-3.6647e-03,  1.0706e-04,  2.7072e-03],
          [-7.2882e-03, -9.5056e-03,  5.0648e-03]],

         [[ 1.0741e-02,  3.2041e-03, -1.1345e-02],
          [-2.0861e-02,  1.0432e-02, -2.4092e-03],
          [-4.8220e-03, -2.5342e-02, -1.4251e-02]],

         [[ 7.4603e-03, -1.0315e-02,  1.3553e-02],
          [-1.4895e-02, -6.0627e-04, -1.4885e-02],
          [ 1.2072e-02, -9.2174e-03, -5.0643e-03]]],


        [[[ 3.3996e-03,  7.2938e-03, -6.3327e-03],
          [ 2.1905e-03, -8.8935e-05, -1.4973e-02],
          [-1.8940e-02,  7.6164e-03, -1.2666e-02]],

         [[-3.4816e-03, -5.1306e-03,  2.1864e-03],
          [ 1.5102e-04, -1.0247e-03,  5.1734e-03],
          [ 5.4303e-03,  9.6595e-03, -8.7765e-03]],

         [[ 1.3888e-02,  1.4243e-02, -9.7357e-03],
          [-1.1065e-02,  1.0549e-02, -1.2418e-02],
          [-2.1240e-02, -2.4198e-03, -1.4255e-02]],

         ...,

         [[ 4.6185e-03, -3.8862e-03, -1.7757e-03],
          [ 1.3588e-03,  9.5242e-03,  7.7138e-04],
          [-3.2239e-03, -1.4225e-02, -7.4780e-03]],

         [[ 1.3449e-02, -6.4600e-03, -1.8149e-02],
          [-1.2979e-02, -1.5764e-02, -1.7075e-02],
          [-9.3330e-03, -1.2509e-02, -2.7681e-03]],

         [[-1.6906e-02, -9.7495e-03,  5.0254e-03],
          [-1.7053e-02, -1.2470e-02, -1.5602e-02],
          [-1.5286e-02, -1.5602e-02, -7.4991e-03]]],


        [[[-1.0079e-02, -1.2687e-02, -1.4033e-02],
          [-1.9442e-02, -1.2339e-02,  8.3626e-03],
          [ 5.3412e-03, -2.4070e-03,  5.0874e-03]],

         [[ 1.1447e-02,  1.4910e-02,  1.0615e-02],
          [ 7.3791e-03,  4.0852e-03, -3.0161e-03],
          [-8.1533e-03,  6.7580e-03,  7.6920e-03]],

         [[ 6.2886e-03, -8.0850e-03, -3.3548e-03],
          [-1.4261e-02,  1.0269e-02, -1.4596e-02],
          [-5.0218e-03, -1.9955e-03, -1.0078e-02]],

         ...,

         [[ 3.1823e-03, -3.1144e-03, -3.9637e-03],
          [ 5.4165e-03, -4.5471e-03, -1.2167e-02],
          [-8.0098e-03,  1.9135e-02,  1.6855e-02]],

         [[ 7.3401e-03, -1.7768e-02, -8.4063e-03],
          [ 1.2875e-02, -3.8164e-04, -4.8202e-03],
          [-1.9435e-02, -1.5136e-03, -1.6037e-02]],

         [[ 1.1393e-02, -1.3585e-02,  7.3575e-03],
          [ 1.6742e-03,  4.7036e-06,  1.2930e-02],
          [ 4.3615e-03, -1.4982e-02, -1.1083e-02]]]], device='cuda:0')), ('features.10.bias', tensor([-7.6626e-03,  8.0134e-03,  8.1990e-03, -2.0598e-03,  4.2054e-03,
        -9.8404e-03,  7.9522e-03, -3.7161e-03, -4.1963e-03,  3.7887e-03,
         2.0428e-03, -9.1902e-03, -1.5940e-02, -1.0803e-02, -1.4245e-02,
        -1.2858e-02, -8.2494e-03,  2.8103e-03,  7.6283e-03,  1.4027e-02,
        -1.2992e-02, -9.0943e-03, -1.9363e-03, -6.4414e-04, -7.3004e-03,
         1.1089e-02,  2.4486e-03, -5.0064e-03,  1.1138e-02, -2.0629e-02,
        -1.1522e-03,  2.0718e-02, -1.8249e-02, -5.1597e-03, -4.1583e-03,
         1.7535e-02,  1.0252e-02, -1.2723e-02, -5.1191e-03, -6.9326e-03,
        -5.1852e-04, -4.5447e-03, -5.3956e-04, -1.3222e-02, -4.1889e-03,
         1.2654e-02,  1.9415e-02, -1.8856e-02, -1.0349e-03, -1.8036e-02,
         1.0685e-02,  1.2686e-02, -4.0439e-03,  3.1077e-03,  2.0014e-02,
        -9.4028e-03,  8.6526e-03,  6.5266e-03, -9.5136e-03, -1.3203e-02,
         4.3918e-03, -1.1481e-02, -1.4758e-02, -1.8024e-02,  1.8557e-02,
        -1.3839e-02,  1.5058e-02, -7.7339e-03, -1.2562e-02, -3.9781e-04,
        -2.9989e-03,  4.4365e-03, -1.4870e-02,  1.6090e-02, -1.0224e-02,
        -5.5730e-03,  7.0039e-03, -1.3726e-02,  1.2926e-02, -4.6077e-03,
        -6.3422e-03,  1.0302e-02, -1.6585e-02,  8.2170e-03, -1.4194e-02,
         7.8273e-03,  1.1176e-02,  1.6321e-02,  1.4104e-02,  5.0003e-03,
         7.0730e-03,  4.0268e-03,  1.5876e-03, -1.5076e-02,  7.5495e-03,
        -1.5107e-02, -3.2940e-03, -1.4183e-02, -3.2479e-03,  1.3393e-02,
        -2.6526e-03,  7.3887e-03,  4.4968e-04, -1.8996e-02, -3.1681e-03,
        -4.7798e-03,  1.4225e-02, -1.9502e-03,  1.0206e-02,  3.0783e-03,
        -6.1995e-03, -2.2720e-04,  1.3728e-02,  8.1384e-04,  8.7960e-03,
         1.1329e-02,  9.4827e-03, -3.3201e-03, -5.0364e-03, -1.6160e-02,
        -4.5898e-03, -4.0926e-03, -2.2174e-03, -4.2066e-04, -1.4355e-02,
         1.7508e-02,  1.5865e-02, -1.0271e-02,  1.2543e-02,  7.5252e-03,
        -3.5841e-03, -7.8346e-05, -9.1001e-03,  6.7601e-03, -1.2623e-02,
        -7.2764e-03, -5.3864e-03,  9.7234e-03,  7.4453e-03, -7.9426e-03,
         1.5111e-02, -1.2705e-02, -5.0516e-03, -1.4800e-02, -2.6253e-03,
         1.2036e-02,  6.3851e-03, -8.1009e-04, -1.4698e-02, -1.4312e-02,
         8.0849e-04, -4.7023e-03,  7.7425e-03, -4.7234e-03,  1.9159e-02,
        -6.7961e-03, -5.0964e-03,  1.5610e-02, -1.4914e-02, -5.5588e-03,
         7.3012e-04,  5.8577e-03,  1.5792e-02, -7.1023e-04,  1.0649e-02,
        -5.1461e-03, -6.9444e-03,  1.1529e-02,  4.5442e-03, -9.5644e-03,
         1.5806e-02, -8.4400e-03,  9.3541e-03,  8.5255e-03,  9.0864e-03,
         1.9090e-03, -6.8510e-03, -5.6717e-03, -1.7418e-03,  4.3922e-03,
        -1.3933e-03,  2.1774e-02,  1.7969e-02,  1.0185e-02,  1.9411e-02,
        -8.8727e-04,  3.5919e-03, -1.0133e-02, -1.2792e-03, -2.0491e-03,
        -7.4073e-03,  1.3681e-02, -7.5082e-03,  2.6599e-03,  7.6940e-03,
        -9.4182e-03,  9.6137e-03,  2.1002e-02, -1.6204e-02,  7.5782e-03,
        -1.5880e-03, -3.8198e-03, -1.2545e-02,  1.0656e-02,  5.4228e-03,
        -8.9584e-03,  4.9043e-03,  5.1727e-03,  9.7194e-03, -1.2603e-02,
        -5.8980e-03, -9.9798e-03,  3.9256e-03, -1.3497e-02,  9.7419e-03,
         1.4730e-02, -2.9207e-03, -1.1197e-02,  1.8928e-02, -1.2167e-02,
         7.5794e-03,  1.8260e-02,  4.4047e-03,  1.5559e-02, -1.3762e-02,
        -2.8564e-03, -9.2570e-03,  1.1535e-02,  2.4706e-03, -1.4930e-02,
         1.3072e-02, -6.2944e-03,  4.6407e-03, -1.0260e-02,  9.8805e-03,
        -4.1827e-03,  2.0485e-02,  2.1771e-02,  7.0851e-04,  1.0616e-03,
         2.0777e-02,  8.9036e-03,  1.6548e-02,  1.8144e-02, -7.0977e-03,
        -5.4209e-03,  5.8739e-03, -6.9732e-03, -6.8504e-03, -4.2269e-03,
        -2.8920e-03, -9.2811e-03,  1.2006e-02, -8.8581e-03, -4.1957e-03,
        -1.1819e-02], device='cuda:0')), ('classifier.1.weight', tensor([[ 0.0039, -0.0100, -0.0031,  ...,  0.0107, -0.0066, -0.0102],
        [-0.0036, -0.0032, -0.0096,  ...,  0.0014,  0.0088,  0.0073],
        [-0.0003,  0.0103, -0.0048,  ..., -0.0046,  0.0047, -0.0067],
        ...,
        [ 0.0082, -0.0105,  0.0034,  ...,  0.0059,  0.0111, -0.0069],
        [-0.0080, -0.0116, -0.0052,  ...,  0.0062,  0.0020, -0.0002],
        [ 0.0025,  0.0014,  0.0033,  ...,  0.0007, -0.0088, -0.0001]],
       device='cuda:0')), ('classifier.1.bias', tensor([-0.0043, -0.0066,  0.0072,  ..., -0.0087,  0.0014,  0.0108],
       device='cuda:0')), ('classifier.4.weight', tensor([[ 0.0029, -0.0142, -0.0058,  ..., -0.0136, -0.0107, -0.0082],
        [-0.0012, -0.0059,  0.0019,  ...,  0.0052,  0.0020, -0.0091],
        [ 0.0075,  0.0014, -0.0034,  ..., -0.0112,  0.0115,  0.0130],
        ...,
        [ 0.0117,  0.0077, -0.0111,  ...,  0.0034,  0.0130,  0.0090],
        [ 0.0114,  0.0057,  0.0162,  ...,  0.0057,  0.0192, -0.0005],
        [-0.0080, -0.0093,  0.0070,  ...,  0.0096, -0.0073,  0.0130]],
       device='cuda:0')), ('classifier.4.bias', tensor([-0.0016, -0.0090,  0.0029,  ...,  0.0063,  0.0120, -0.0146],
       device='cuda:0')), ('classifier.6.weight', tensor([[ 0.0005,  0.0078, -0.0209,  ..., -0.0082, -0.0132,  0.0025],
        [ 0.0020, -0.0123,  0.0136,  ..., -0.0063,  0.0067, -0.0127],
        [ 0.0030,  0.0116, -0.0033,  ..., -0.0109, -0.0143,  0.0061],
        [ 0.0029, -0.0054,  0.0081,  ..., -0.0115,  0.0001, -0.0002],
        [-0.0014,  0.0119,  0.0134,  ...,  0.0095, -0.0072,  0.0073]],
       device='cuda:0')), ('classifier.6.bias', tensor([-0.0174,  0.0150, -0.0028,  0.0084, -0.0074], device='cuda:0'))])